x <- c(4,6,5,7,10,9,4,15)

x < 7
